0,1,2,3,4,5,6,7,8,9,10,11,12,13,14,15,16,17,18,19,20,21,22,23,24,25,26,27,28,29,30,31,32,33,34,35,36,37,38,39,40,41,42,43,44,45,46,47,48,49,50,51,52,53,54,55,56,57,58,59,60,61,62,63,64,65,66,67,68,69,70,71,72,73,74,75,76,77,78,79,80,81,82,83,84
1.0,0.0,0.0,0.0,0.0,0.0,0.0,0.0,0.0,0.0,0.0,0.0,0.0,0.0,0.0,0.0,0.0,0.0,0.0,0.0,0.0,0.0,0.0,0.0,0.0,0.0,0.0,0.0,0.0,0.0,0.0,0.0,0.0,0.0,0.0,0.0,0.0,0.0,0.0,0.0,0.0,0.0,0.0,0.0,0.0,0.0,0.0,0.0,0.0,0.0,0.0,0.0,0.0,0.0,0.0,0.0,0.0,0.0,0.0,0.0,0.0,0.0,0.0,0.0,0.0,0.0,0.0,0.0,0.0,0.0,0.0,0.0,0.0,0.0,0.0,0.0,0.0,0.0,0.0,0.0,0.0,0.0,0.0,0.0,0.0
0.6348773,0.36512265,0.0,0.0,0.0,0.0,0.0,0.0,0.0,0.0,0.0,0.0,0.0,0.0,0.0,0.0,0.0,0.0,0.0,0.0,0.0,0.0,0.0,0.0,0.0,0.0,0.0,0.0,0.0,0.0,0.0,0.0,0.0,0.0,0.0,0.0,0.0,0.0,0.0,0.0,0.0,0.0,0.0,0.0,0.0,0.0,0.0,0.0,0.0,0.0,0.0,0.0,0.0,0.0,0.0,0.0,0.0,0.0,0.0,0.0,0.0,0.0,0.0,0.0,0.0,0.0,0.0,0.0,0.0,0.0,0.0,0.0,0.0,0.0,0.0,0.0,0.0,0.0,0.0,0.0,0.0,0.0,0.0,0.0,0.0
0.21386914,0.56746554,0.21866529,0.0,0.0,0.0,0.0,0.0,0.0,0.0,0.0,0.0,0.0,0.0,0.0,0.0,0.0,0.0,0.0,0.0,0.0,0.0,0.0,0.0,0.0,0.0,0.0,0.0,0.0,0.0,0.0,0.0,0.0,0.0,0.0,0.0,0.0,0.0,0.0,0.0,0.0,0.0,0.0,0.0,0.0,0.0,0.0,0.0,0.0,0.0,0.0,0.0,0.0,0.0,0.0,0.0,0.0,0.0,0.0,0.0,0.0,0.0,0.0,0.0,0.0,0.0,0.0,0.0,0.0,0.0,0.0,0.0,0.0,0.0,0.0,0.0,0.0,0.0,0.0,0.0,0.0,0.0,0.0,0.0,0.0
0.22612101,0.17261282,0.42903697,0.17222919,0.0,0.0,0.0,0.0,0.0,0.0,0.0,0.0,0.0,0.0,0.0,0.0,0.0,0.0,0.0,0.0,0.0,0.0,0.0,0.0,0.0,0.0,0.0,0.0,0.0,0.0,0.0,0.0,0.0,0.0,0.0,0.0,0.0,0.0,0.0,0.0,0.0,0.0,0.0,0.0,0.0,0.0,0.0,0.0,0.0,0.0,0.0,0.0,0.0,0.0,0.0,0.0,0.0,0.0,0.0,0.0,0.0,0.0,0.0,0.0,0.0,0.0,0.0,0.0,0.0,0.0,0.0,0.0,0.0,0.0,0.0,0.0,0.0,0.0,0.0,0.0,0.0,0.0,0.0,0.0,0.0
0.1376316,0.3068359,0.12916967,0.2975248,0.12883803,0.0,0.0,0.0,0.0,0.0,0.0,0.0,0.0,0.0,0.0,0.0,0.0,0.0,0.0,0.0,0.0,0.0,0.0,0.0,0.0,0.0,0.0,0.0,0.0,0.0,0.0,0.0,0.0,0.0,0.0,0.0,0.0,0.0,0.0,0.0,0.0,0.0,0.0,0.0,0.0,0.0,0.0,0.0,0.0,0.0,0.0,0.0,0.0,0.0,0.0,0.0,0.0,0.0,0.0,0.0,0.0,0.0,0.0,0.0,0.0,0.0,0.0,0.0,0.0,0.0,0.0,0.0,0.0,0.0,0.0,0.0,0.0,0.0,0.0,0.0,0.0,0.0,0.0,0.0,0.0
0.14157209,0.11386268,0.2427302,0.11149937,0.27318782,0.11714786,0.0,0.0,0.0,0.0,0.0,0.0,0.0,0.0,0.0,0.0,0.0,0.0,0.0,0.0,0.0,0.0,0.0,0.0,0.0,0.0,0.0,0.0,0.0,0.0,0.0,0.0,0.0,0.0,0.0,0.0,0.0,0.0,0.0,0.0,0.0,0.0,0.0,0.0,0.0,0.0,0.0,0.0,0.0,0.0,0.0,0.0,0.0,0.0,0.0,0.0,0.0,0.0,0.0,0.0,0.0,0.0,0.0,0.0,0.0,0.0,0.0,0.0,0.0,0.0,0.0,0.0,0.0,0.0,0.0,0.0,0.0,0.0,0.0,0.0,0.0,0.0,0.0,0.0,0.0
0.105108514,0.21614113,0.09042349,0.18808396,0.090133384,0.21536191,0.09474759,0.0,0.0,0.0,0.0,0.0,0.0,0.0,0.0,0.0,0.0,0.0,0.0,0.0,0.0,0.0,0.0,0.0,0.0,0.0,0.0,0.0,0.0,0.0,0.0,0.0,0.0,0.0,0.0,0.0,0.0,0.0,0.0,0.0,0.0,0.0,0.0,0.0,0.0,0.0,0.0,0.0,0.0,0.0,0.0,0.0,0.0,0.0,0.0,0.0,0.0,0.0,0.0,0.0,0.0,0.0,0.0,0.0,0.0,0.0,0.0,0.0,0.0,0.0,0.0,0.0,0.0,0.0,0.0,0.0,0.0,0.0,0.0,0.0,0.0,0.0,0.0,0.0,0.0
0.10370341,0.08625829,0.17272818,0.08332733,0.19244331,0.08660132,0.19295189,0.08198625,0.0,0.0,0.0,0.0,0.0,0.0,0.0,0.0,0.0,0.0,0.0,0.0,0.0,0.0,0.0,0.0,0.0,0.0,0.0,0.0,0.0,0.0,0.0,0.0,0.0,0.0,0.0,0.0,0.0,0.0,0.0,0.0,0.0,0.0,0.0,0.0,0.0,0.0,0.0,0.0,0.0,0.0,0.0,0.0,0.0,0.0,0.0,0.0,0.0,0.0,0.0,0.0,0.0,0.0,0.0,0.0,0.0,0.0,0.0,0.0,0.0,0.0,0.0,0.0,0.0,0.0,0.0,0.0,0.0,0.0,0.0,0.0,0.0,0.0,0.0,0.0,0.0
0.08492808,0.17103073,0.07016036,0.13891447,0.069935694,0.15722969,0.0708733,0.16213563,0.07479204,0.0,0.0,0.0,0.0,0.0,0.0,0.0,0.0,0.0,0.0,0.0,0.0,0.0,0.0,0.0,0.0,0.0,0.0,0.0,0.0,0.0,0.0,0.0,0.0,0.0,0.0,0.0,0.0,0.0,0.0,0.0,0.0,0.0,0.0,0.0,0.0,0.0,0.0,0.0,0.0,0.0,0.0,0.0,0.0,0.0,0.0,0.0,0.0,0.0,0.0,0.0,0.0,0.0,0.0,0.0,0.0,0.0,0.0,0.0,0.0,0.0,0.0,0.0,0.0,0.0,0.0,0.0,0.0,0.0,0.0,0.0,0.0,0.0,0.0,0.0,0.0
0.08213001,0.07009707,0.13327685,0.067253,0.14777796,0.06958142,0.14683524,0.06446099,0.1527066,0.065880865,0.0,0.0,0.0,0.0,0.0,0.0,0.0,0.0,0.0,0.0,0.0,0.0,0.0,0.0,0.0,0.0,0.0,0.0,0.0,0.0,0.0,0.0,0.0,0.0,0.0,0.0,0.0,0.0,0.0,0.0,0.0,0.0,0.0,0.0,0.0,0.0,0.0,0.0,0.0,0.0,0.0,0.0,0.0,0.0,0.0,0.0,0.0,0.0,0.0,0.0,0.0,0.0,0.0,0.0,0.0,0.0,0.0,0.0,0.0,0.0,0.0,0.0,0.0,0.0,0.0,0.0,0.0,0.0,0.0,0.0,0.0,0.0,0.0,0.0,0.0
0.07239268,0.14245208,0.057461165,0.11040984,0.057299472,0.12407503,0.05671198,0.12509301,0.059869092,0.13255739,0.061678257,0.0,0.0,0.0,0.0,0.0,0.0,0.0,0.0,0.0,0.0,0.0,0.0,0.0,0.0,0.0,0.0,0.0,0.0,0.0,0.0,0.0,0.0,0.0,0.0,0.0,0.0,0.0,0.0,0.0,0.0,0.0,0.0,0.0,0.0,0.0,0.0,0.0,0.0,0.0,0.0,0.0,0.0,0.0,0.0,0.0,0.0,0.0,0.0,0.0,0.0,0.0,0.0,0.0,0.0,0.0,0.0,0.0,0.0,0.0,0.0,0.0,0.0,0.0,0.0,0.0,0.0,0.0,0.0,0.0,0.0,0.0,0.0,0.0,0.0
0.06778189,0.058480583,0.10858824,0.055550747,0.11973671,0.05776212,0.11813253,0.053472593,0.1231502,0.0547932,0.12733038,0.055220813,0.0,0.0,0.0,0.0,0.0,0.0,0.0,0.0,0.0,0.0,0.0,0.0,0.0,0.0,0.0,0.0,0.0,0.0,0.0,0.0,0.0,0.0,0.0,0.0,0.0,0.0,0.0,0.0,0.0,0.0,0.0,0.0,0.0,0.0,0.0,0.0,0.0,0.0,0.0,0.0,0.0,0.0,0.0,0.0,0.0,0.0,0.0,0.0,0.0,0.0,0.0,0.0,0.0,0.0,0.0,0.0,0.0,0.0,0.0,0.0,0.0,0.0,0.0,0.0,0.0,0.0,0.0,0.0,0.0,0.0,0.0,0.0,0.0
0.062169645,0.124956936,0.04513858,0.095152766,0.04500944,0.10675597,0.042737305,0.10498728,0.045038994,0.11100648,0.04589231,0.10831606,0.06283823,0.0,0.0,0.0,0.0,0.0,0.0,0.0,0.0,0.0,0.0,0.0,0.0,0.0,0.0,0.0,0.0,0.0,0.0,0.0,0.0,0.0,0.0,0.0,0.0,0.0,0.0,0.0,0.0,0.0,0.0,0.0,0.0,0.0,0.0,0.0,0.0,0.0,0.0,0.0,0.0,0.0,0.0,0.0,0.0,0.0,0.0,0.0,0.0,0.0,0.0,0.0,0.0,0.0,0.0,0.0,0.0,0.0,0.0,0.0,0.0,0.0,0.0,0.0,0.0,0.0,0.0,0.0,0.0,0.0,0.0,0.0,0.0
0.054087482,0.05127453,0.08706117,0.048627213,0.096009865,0.05023898,0.09287965,0.045755774,0.096806735,0.04684979,0.09952744,0.047496505,0.12764105,0.055743806,0.0,0.0,0.0,0.0,0.0,0.0,0.0,0.0,0.0,0.0,0.0,0.0,0.0,0.0,0.0,0.0,0.0,0.0,0.0,0.0,0.0,0.0,0.0,0.0,0.0,0.0,0.0,0.0,0.0,0.0,0.0,0.0,0.0,0.0,0.0,0.0,0.0,0.0,0.0,0.0,0.0,0.0,0.0,0.0,0.0,0.0,0.0,0.0,0.0,0.0,0.0,0.0,0.0,0.0,0.0,0.0,0.0,0.0,0.0,0.0,0.0,0.0,0.0,0.0,0.0,0.0,0.0,0.0,0.0,0.0,0.0
0.054978326,0.108489916,0.037203804,0.08166669,0.037216578,0.09260996,0.034914434,0.090632826,0.036854118,0.0961259,0.037621528,0.0909437,0.049137607,0.10047346,0.051131137,0.0,0.0,0.0,0.0,0.0,0.0,0.0,0.0,0.0,0.0,0.0,0.0,0.0,0.0,0.0,0.0,0.0,0.0,0.0,0.0,0.0,0.0,0.0,0.0,0.0,0.0,0.0,0.0,0.0,0.0,0.0,0.0,0.0,0.0,0.0,0.0,0.0,0.0,0.0,0.0,0.0,0.0,0.0,0.0,0.0,0.0,0.0,0.0,0.0,0.0,0.0,0.0,0.0,0.0,0.0,0.0,0.0,0.0,0.0,0.0,0.0,0.0,0.0,0.0,0.0,0.0,0.0,0.0,0.0,0.0
0.045037687,0.04342943,0.07268046,0.04123403,0.07992123,0.042631954,0.07649114,0.038336247,0.079873346,0.039328426,0.08070806,0.039506376,0.10079827,0.046046596,0.12315301,0.050823748,0.0,0.0,0.0,0.0,0.0,0.0,0.0,0.0,0.0,0.0,0.0,0.0,0.0,0.0,0.0,0.0,0.0,0.0,0.0,0.0,0.0,0.0,0.0,0.0,0.0,0.0,0.0,0.0,0.0,0.0,0.0,0.0,0.0,0.0,0.0,0.0,0.0,0.0,0.0,0.0,0.0,0.0,0.0,0.0,0.0,0.0,0.0,0.0,0.0,0.0,0.0,0.0,0.0,0.0,0.0,0.0,0.0,0.0,0.0,0.0,0.0,0.0,0.0,0.0,0.0,0.0,0.0,0.0,0.0
0.049303714,0.09531743,0.031343844,0.07106871,0.03120986,0.0811946,0.02905695,0.07904397,0.030715277,0.08406714,0.031442095,0.07715343,0.04167135,0.08514648,0.04314993,0.09665385,0.042461373,0.0,0.0,0.0,0.0,0.0,0.0,0.0,0.0,0.0,0.0,0.0,0.0,0.0,0.0,0.0,0.0,0.0,0.0,0.0,0.0,0.0,0.0,0.0,0.0,0.0,0.0,0.0,0.0,0.0,0.0,0.0,0.0,0.0,0.0,0.0,0.0,0.0,0.0,0.0,0.0,0.0,0.0,0.0,0.0,0.0,0.0,0.0,0.0,0.0,0.0,0.0,0.0,0.0,0.0,0.0,0.0,0.0,0.0,0.0,0.0,0.0,0.0,0.0,0.0,0.0,0.0,0.0,0.0
0.038206153,0.039142836,0.0611078,0.036669433,0.06708851,0.03799668,0.06351664,0.033854783,0.06669256,0.03487867,0.06591798,0.034054764,0.08065052,0.039123923,0.0983277,0.042841595,0.11200894,0.04792052,0.0,0.0,0.0,0.0,0.0,0.0,0.0,0.0,0.0,0.0,0.0,0.0,0.0,0.0,0.0,0.0,0.0,0.0,0.0,0.0,0.0,0.0,0.0,0.0,0.0,0.0,0.0,0.0,0.0,0.0,0.0,0.0,0.0,0.0,0.0,0.0,0.0,0.0,0.0,0.0,0.0,0.0,0.0,0.0,0.0,0.0,0.0,0.0,0.0,0.0,0.0,0.0,0.0,0.0,0.0,0.0,0.0,0.0,0.0,0.0,0.0,0.0,0.0,0.0,0.0,0.0,0.0
0.044991985,0.08358061,0.027228696,0.061809808,0.026968388,0.07118616,0.025391143,0.068645604,0.02685472,0.07314329,0.027288169,0.06582542,0.036089495,0.071273685,0.037156057,0.07959751,0.036375016,0.08896543,0.04762882,0.0,0.0,0.0,0.0,0.0,0.0,0.0,0.0,0.0,0.0,0.0,0.0,0.0,0.0,0.0,0.0,0.0,0.0,0.0,0.0,0.0,0.0,0.0,0.0,0.0,0.0,0.0,0.0,0.0,0.0,0.0,0.0,0.0,0.0,0.0,0.0,0.0,0.0,0.0,0.0,0.0,0.0,0.0,0.0,0.0,0.0,0.0,0.0,0.0,0.0,0.0,0.0,0.0,0.0,0.0,0.0,0.0,0.0,0.0,0.0,0.0,0.0,0.0,0.0,0.0,0.0
0.031171557,0.033175953,0.050661176,0.030832248,0.055503227,0.03196148,0.051955104,0.02813955,0.054673966,0.029011078,0.053408798,0.028485488,0.0646831,0.032899022,0.079109125,0.035798766,0.08932378,0.03981761,0.12622273,0.053166255,0.0,0.0,0.0,0.0,0.0,0.0,0.0,0.0,0.0,0.0,0.0,0.0,0.0,0.0,0.0,0.0,0.0,0.0,0.0,0.0,0.0,0.0,0.0,0.0,0.0,0.0,0.0,0.0,0.0,0.0,0.0,0.0,0.0,0.0,0.0,0.0,0.0,0.0,0.0,0.0,0.0,0.0,0.0,0.0,0.0,0.0,0.0,0.0,0.0,0.0,0.0,0.0,0.0,0.0,0.0,0.0,0.0,0.0,0.0,0.0,0.0,0.0,0.0,0.0,0.0
0.041264694,0.07346968,0.023474447,0.053402957,0.023203555,0.062297676,0.021795958,0.05990963,0.02306144,0.064149186,0.023477558,0.055945612,0.030713193,0.058747686,0.03144459,0.06422321,0.030636322,0.06881999,0.0399684,0.10597316,0.044021033,0.0,0.0,0.0,0.0,0.0,0.0,0.0,0.0,0.0,0.0,0.0,0.0,0.0,0.0,0.0,0.0,0.0,0.0,0.0,0.0,0.0,0.0,0.0,0.0,0.0,0.0,0.0,0.0,0.0,0.0,0.0,0.0,0.0,0.0,0.0,0.0,0.0,0.0,0.0,0.0,0.0,0.0,0.0,0.0,0.0,0.0,0.0,0.0,0.0,0.0,0.0,0.0,0.0,0.0,0.0,0.0,0.0,0.0,0.0,0.0,0.0,0.0,0.0,0.0
0.026644979,0.028493306,0.043765217,0.026581923,0.04791554,0.027678195,0.044381622,0.024178898,0.047034472,0.025036292,0.04480875,0.02386016,0.053212628,0.027517822,0.06448113,0.029812228,0.0713114,0.032927383,0.0975301,0.043538548,0.11788731,0.05140209,0.0,0.0,0.0,0.0,0.0,0.0,0.0,0.0,0.0,0.0,0.0,0.0,0.0,0.0,0.0,0.0,0.0,0.0,0.0,0.0,0.0,0.0,0.0,0.0,0.0,0.0,0.0,0.0,0.0,0.0,0.0,0.0,0.0,0.0,0.0,0.0,0.0,0.0,0.0,0.0,0.0,0.0,0.0,0.0,0.0,0.0,0.0,0.0,0.0,0.0,0.0,0.0,0.0,0.0,0.0,0.0,0.0,0.0,0.0,0.0,0.0,0.0,0.0
0.03853549,0.065874785,0.020955482,0.047052693,0.020436352,0.05606874,0.01910178,0.05379864,0.020276818,0.058101956,0.020595852,0.04902774,0.026938342,0.04960753,0.027386764,0.053394064,0.026325073,0.05540862,0.03350523,0.08172175,0.036740854,0.0972457,0.041899733,0.0,0.0,0.0,0.0,0.0,0.0,0.0,0.0,0.0,0.0,0.0,0.0,0.0,0.0,0.0,0.0,0.0,0.0,0.0,0.0,0.0,0.0,0.0,0.0,0.0,0.0,0.0,0.0,0.0,0.0,0.0,0.0,0.0,0.0,0.0,0.0,0.0,0.0,0.0,0.0,0.0,0.0,0.0,0.0,0.0,0.0,0.0,0.0,0.0,0.0,0.0,0.0,0.0,0.0,0.0,0.0,0.0,0.0,0.0,0.0,0.0,0.0
0.023447316,0.025507564,0.038312595,0.023799583,0.04179997,0.024873773,0.03820622,0.021476936,0.040918846,0.022373497,0.037565257,0.020737877,0.043648694,0.023650933,0.052072294,0.025340836,0.05660934,0.02747932,0.074224114,0.035810202,0.08782907,0.041600537,0.12262773,0.050087508,0.0,0.0,0.0,0.0,0.0,0.0,0.0,0.0,0.0,0.0,0.0,0.0,0.0,0.0,0.0,0.0,0.0,0.0,0.0,0.0,0.0,0.0,0.0,0.0,0.0,0.0,0.0,0.0,0.0,0.0,0.0,0.0,0.0,0.0,0.0,0.0,0.0,0.0,0.0,0.0,0.0,0.0,0.0,0.0,0.0,0.0,0.0,0.0,0.0,0.0,0.0,0.0,0.0,0.0,0.0,0.0,0.0,0.0,0.0,0.0,0.0
0.037266064,0.059558153,0.019453157,0.04191787,0.018852338,0.05057104,0.017439622,0.048711553,0.018570064,0.052864358,0.018768337,0.04362905,0.022091921,0.042590342,0.022711804,0.04533203,0.022593558,0.045975816,0.028799081,0.06614235,0.031450063,0.07767235,0.03579388,0.088862635,0.04238258,0.0,0.0,0.0,0.0,0.0,0.0,0.0,0.0,0.0,0.0,0.0,0.0,0.0,0.0,0.0,0.0,0.0,0.0,0.0,0.0,0.0,0.0,0.0,0.0,0.0,0.0,0.0,0.0,0.0,0.0,0.0,0.0,0.0,0.0,0.0,0.0,0.0,0.0,0.0,0.0,0.0,0.0,0.0,0.0,0.0,0.0,0.0,0.0,0.0,0.0,0.0,0.0,0.0,0.0,0.0,0.0,0.0,0.0,0.0,0.0
0.019921187,0.022670854,0.03328209,0.02088974,0.0362565,0.021657715,0.032705344,0.018572772,0.035188187,0.01943664,0.031978752,0.017866826,0.036708172,0.019764181,0.04352611,0.02101012,0.046643093,0.022703946,0.059959322,0.029306391,0.070139185,0.03384049,0.09532504,0.039872058,0.11994032,0.050834976,0.0,0.0,0.0,0.0,0.0,0.0,0.0,0.0,0.0,0.0,0.0,0.0,0.0,0.0,0.0,0.0,0.0,0.0,0.0,0.0,0.0,0.0,0.0,0.0,0.0,0.0,0.0,0.0,0.0,0.0,0.0,0.0,0.0,0.0,0.0,0.0,0.0,0.0,0.0,0.0,0.0,0.0,0.0,0.0,0.0,0.0,0.0,0.0,0.0,0.0,0.0,0.0,0.0,0.0,0.0,0.0,0.0,0.0,0.0
0.03437918,0.0553488,0.017624278,0.038261335,0.016571186,0.046821326,0.015291881,0.04482075,0.016269872,0.048908066,0.016309896,0.03971427,0.019162789,0.03761857,0.01970735,0.03958522,0.0195036,0.039217502,0.024469335,0.05535828,0.026623838,0.06407254,0.030126784,0.07214915,0.03565212,0.0864937,0.039938394,0.0,0.0,0.0,0.0,0.0,0.0,0.0,0.0,0.0,0.0,0.0,0.0,0.0,0.0,0.0,0.0,0.0,0.0,0.0,0.0,0.0,0.0,0.0,0.0,0.0,0.0,0.0,0.0,0.0,0.0,0.0,0.0,0.0,0.0,0.0,0.0,0.0,0.0,0.0,0.0,0.0,0.0,0.0,0.0,0.0,0.0,0.0,0.0,0.0,0.0,0.0,0.0,0.0,0.0,0.0,0.0,0.0,0.0
0.017705549,0.020127008,0.029879913,0.01876254,0.03255724,0.019531805,0.029198464,0.016504707,0.031667918,0.017368535,0.027806917,0.015296293,0.031478304,0.016706903,0.037033677,0.017654397,0.0392275,0.018943427,0.048403937,0.024092799,0.05570946,0.027483579,0.07340427,0.031750273,0.090494074,0.039513204,0.12386588,0.04783143,0.0,0.0,0.0,0.0,0.0,0.0,0.0,0.0,0.0,0.0,0.0,0.0,0.0,0.0,0.0,0.0,0.0,0.0,0.0,0.0,0.0,0.0,0.0,0.0,0.0,0.0,0.0,0.0,0.0,0.0,0.0,0.0,0.0,0.0,0.0,0.0,0.0,0.0,0.0,0.0,0.0,0.0,0.0,0.0,0.0,0.0,0.0,0.0,0.0,0.0,0.0,0.0,0.0,0.0,0.0,0.0,0.0
0.032964483,0.051787812,0.016211845,0.035259224,0.015151687,0.043708187,0.013858407,0.0413314,0.014783917,0.045300208,0.014780501,0.03632883,0.017059691,0.033552557,0.017420197,0.034900166,0.017139364,0.03369553,0.021163521,0.046823695,0.022862364,0.05339927,0.025682874,0.059144907,0.03047035,0.07037368,0.033922072,0.08310693,0.037816346,0.0,0.0,0.0,0.0,0.0,0.0,0.0,0.0,0.0,0.0,0.0,0.0,0.0,0.0,0.0,0.0,0.0,0.0,0.0,0.0,0.0,0.0,0.0,0.0,0.0,0.0,0.0,0.0,0.0,0.0,0.0,0.0,0.0,0.0,0.0,0.0,0.0,0.0,0.0,0.0,0.0,0.0,0.0,0.0,0.0,0.0,0.0,0.0,0.0,0.0,0.0,0.0,0.0,0.0,0.0,0.0
0.0153353475,0.01790741,0.026719216,0.0167005,0.029146288,0.017371584,0.025986314,0.014519291,0.028365325,0.015334634,0.024289828,0.013194647,0.027135797,0.01425449,0.031773508,0.014983925,0.033280246,0.016002629,0.039988853,0.020188246,0.04548632,0.022862993,0.05865487,0.02608987,0.07179937,0.03211225,0.09562601,0.038520917,0.12164458,0.044724762,0.0,0.0,0.0,0.0,0.0,0.0,0.0,0.0,0.0,0.0,0.0,0.0,0.0,0.0,0.0,0.0,0.0,0.0,0.0,0.0,0.0,0.0,0.0,0.0,0.0,0.0,0.0,0.0,0.0,0.0,0.0,0.0,0.0,0.0,0.0,0.0,0.0,0.0,0.0,0.0,0.0,0.0,0.0,0.0,0.0,0.0,0.0,0.0,0.0,0.0,0.0,0.0,0.0,0.0,0.0
0.032391224,0.04768096,0.014751014,0.032382913,0.014017494,0.040350996,0.013051014,0.037663303,0.013912663,0.041319743,0.01361057,0.033270046,0.015581973,0.030160395,0.015858797,0.0313009,0.015496829,0.029596325,0.018701255,0.040713057,0.020062964,0.045880917,0.022267843,0.050164696,0.0262469,0.059290156,0.029121662,0.06940817,0.032156203,0.07846053,0.03512849,0.0,0.0,0.0,0.0,0.0,0.0,0.0,0.0,0.0,0.0,0.0,0.0,0.0,0.0,0.0,0.0,0.0,0.0,0.0,0.0,0.0,0.0,0.0,0.0,0.0,0.0,0.0,0.0,0.0,0.0,0.0,0.0,0.0,0.0,0.0,0.0,0.0,0.0,0.0,0.0,0.0,0.0,0.0,0.0,0.0,0.0,0.0,0.0,0.0,0.0,0.0,0.0,0.0,0.0
0.013566606,0.017202081,0.023703821,0.01602178,0.025892131,0.016595364,0.022871625,0.013657752,0.025108432,0.014494219,0.021144908,0.012445584,0.023276893,0.0130664995,0.027223062,0.013610684,0.02816123,0.014332502,0.032833304,0.018002283,0.036932275,0.02013168,0.0467365,0.022549389,0.057130568,0.027028289,0.073688194,0.03165742,0.09221187,0.036286313,0.11944646,0.04299029,0.0,0.0,0.0,0.0,0.0,0.0,0.0,0.0,0.0,0.0,0.0,0.0,0.0,0.0,0.0,0.0,0.0,0.0,0.0,0.0,0.0,0.0,0.0,0.0,0.0,0.0,0.0,0.0,0.0,0.0,0.0,0.0,0.0,0.0,0.0,0.0,0.0,0.0,0.0,0.0,0.0,0.0,0.0,0.0,0.0,0.0,0.0,0.0,0.0,0.0,0.0,0.0,0.0
0.030982498,0.04444725,0.013022594,0.030130347,0.012384853,0.037689988,0.011526685,0.034882814,0.012232987,0.03831527,0.011983199,0.03079141,0.013837336,0.02729294,0.014116064,0.028244918,0.013768289,0.026323333,0.016645653,0.03580886,0.01793827,0.040022936,0.019993711,0.043392204,0.023718398,0.051311463,0.026289942,0.059940718,0.029061126,0.067593336,0.032024235,0.069247544,0.03503883,0.0,0.0,0.0,0.0,0.0,0.0,0.0,0.0,0.0,0.0,0.0,0.0,0.0,0.0,0.0,0.0,0.0,0.0,0.0,0.0,0.0,0.0,0.0,0.0,0.0,0.0,0.0,0.0,0.0,0.0,0.0,0.0,0.0,0.0,0.0,0.0,0.0,0.0,0.0,0.0,0.0,0.0,0.0,0.0,0.0,0.0,0.0,0.0,0.0,0.0,0.0,0.0
0.012289714,0.015735611,0.022063883,0.0147925755,0.024157252,0.015267167,0.021187505,0.012327031,0.023369739,0.013110933,0.019213177,0.011070926,0.020711616,0.011342761,0.024064824,0.011834298,0.024655707,0.0124960225,0.028210998,0.015550327,0.031421024,0.017258897,0.039041575,0.019173358,0.047337092,0.022702593,0.059938096,0.026508577,0.07419511,0.030345555,0.0937144,0.035775002,0.10794827,0.041188393,0.0,0.0,0.0,0.0,0.0,0.0,0.0,0.0,0.0,0.0,0.0,0.0,0.0,0.0,0.0,0.0,0.0,0.0,0.0,0.0,0.0,0.0,0.0,0.0,0.0,0.0,0.0,0.0,0.0,0.0,0.0,0.0,0.0,0.0,0.0,0.0,0.0,0.0,0.0,0.0,0.0,0.0,0.0,0.0,0.0,0.0,0.0,0.0,0.0,0.0,0.0
0.029717747,0.04397892,0.012164031,0.029901437,0.011288407,0.037486628,0.010603725,0.034890626,0.011291146,0.03855469,0.010751005,0.030031838,0.011886423,0.025936142,0.012241324,0.026570216,0.011980765,0.024006605,0.014193156,0.031992394,0.015246236,0.03510325,0.016821204,0.037461717,0.018816989,0.0442514,0.021012353,0.051621836,0.023516182,0.057986274,0.02550628,0.058763754,0.028227773,0.07260002,0.033597518,0.0,0.0,0.0,0.0,0.0,0.0,0.0,0.0,0.0,0.0,0.0,0.0,0.0,0.0,0.0,0.0,0.0,0.0,0.0,0.0,0.0,0.0,0.0,0.0,0.0,0.0,0.0,0.0,0.0,0.0,0.0,0.0,0.0,0.0,0.0,0.0,0.0,0.0,0.0,0.0,0.0,0.0,0.0,0.0,0.0,0.0,0.0,0.0,0.0,0.0
0.010640101,0.0147484625,0.019710181,0.014191293,0.021476775,0.014723879,0.018720126,0.011830812,0.020839585,0.012629262,0.01668623,0.010732674,0.017789789,0.0108004045,0.020643303,0.011160912,0.020902218,0.011554876,0.023401696,0.014189414,0.025863556,0.015583346,0.031664424,0.017047482,0.038271986,0.02029581,0.04791665,0.023539064,0.058807775,0.026771355,0.07134278,0.031506535,0.08026999,0.036233675,0.119697124,0.037816435,0.0,0.0,0.0,0.0,0.0,0.0,0.0,0.0,0.0,0.0,0.0,0.0,0.0,0.0,0.0,0.0,0.0,0.0,0.0,0.0,0.0,0.0,0.0,0.0,0.0,0.0,0.0,0.0,0.0,0.0,0.0,0.0,0.0,0.0,0.0,0.0,0.0,0.0,0.0,0.0,0.0,0.0,0.0,0.0,0.0,0.0,0.0,0.0,0.0
0.029709399,0.04043962,0.011101586,0.027661989,0.0103370845,0.034846485,0.0094360635,0.03296353,0.01010676,0.03651926,0.009669101,0.027995681,0.010934884,0.023323879,0.011127297,0.024130816,0.010791706,0.021410463,0.012501519,0.02775175,0.013331877,0.029987786,0.014640216,0.03160998,0.017200172,0.037203427,0.018976264,0.042659186,0.020814698,0.0477959,0.022854159,0.048471168,0.02531263,0.05780295,0.0362361,0.076991186,0.03535344,0.0,0.0,0.0,0.0,0.0,0.0,0.0,0.0,0.0,0.0,0.0,0.0,0.0,0.0,0.0,0.0,0.0,0.0,0.0,0.0,0.0,0.0,0.0,0.0,0.0,0.0,0.0,0.0,0.0,0.0,0.0,0.0,0.0,0.0,0.0,0.0,0.0,0.0,0.0,0.0,0.0,0.0,0.0,0.0,0.0,0.0,0.0,0.0
0.009741028,0.012259682,0.018442158,0.012697244,0.019791543,0.01345678,0.016993338,0.01135519,0.01897981,0.012093203,0.015156748,0.010233495,0.015752204,0.010113437,0.018039022,0.010492284,0.017914977,0.010878615,0.019429699,0.013119828,0.021141846,0.014319974,0.024879716,0.015454344,0.030280445,0.018068854,0.038449597,0.021072399,0.04718663,0.024156427,0.054387294,0.028582279,0.059312377,0.032687813,0.08408943,0.033340473,0.1276173,0.038032502,0.0,0.0,0.0,0.0,0.0,0.0,0.0,0.0,0.0,0.0,0.0,0.0,0.0,0.0,0.0,0.0,0.0,0.0,0.0,0.0,0.0,0.0,0.0,0.0,0.0,0.0,0.0,0.0,0.0,0.0,0.0,0.0,0.0,0.0,0.0,0.0,0.0,0.0,0.0,0.0,0.0,0.0,0.0,0.0,0.0,0.0,0.0
0.028771644,0.038541723,0.010171771,0.02589205,0.009404408,0.032869413,0.008597005,0.031227294,0.009181102,0.034781374,0.008820746,0.026092228,0.010098061,0.021055419,0.010276186,0.021789076,0.009945804,0.019181559,0.011278375,0.024569502,0.012011305,0.026494829,0.01303772,0.027861418,0.015304411,0.032692663,0.016832452,0.037399773,0.018341985,0.04180617,0.01979766,0.041998282,0.02173086,0.050001066,0.029368883,0.06425109,0.029866826,0.07484603,0.033811845,0.0,0.0,0.0,0.0,0.0,0.0,0.0,0.0,0.0,0.0,0.0,0.0,0.0,0.0,0.0,0.0,0.0,0.0,0.0,0.0,0.0,0.0,0.0,0.0,0.0,0.0,0.0,0.0,0.0,0.0,0.0,0.0,0.0,0.0,0.0,0.0,0.0,0.0,0.0,0.0,0.0,0.0,0.0,0.0,0.0,0.0
0.008778794,0.012296928,0.017102387,0.012558726,0.018463472,0.013111403,0.015731001,0.010599425,0.017645478,0.011329713,0.013898791,0.009728931,0.014272535,0.009360414,0.016274981,0.009637314,0.01595298,0.009904457,0.016980937,0.011891087,0.01835964,0.012858564,0.021225588,0.013728507,0.025755938,0.015815236,0.032473892,0.018324934,0.039606858,0.020962114,0.044328593,0.024544243,0.04803472,0.027723622,0.065029204,0.028226038,0.0925922,0.0318785,0.11559233,0.037419505,0.0,0.0,0.0,0.0,0.0,0.0,0.0,0.0,0.0,0.0,0.0,0.0,0.0,0.0,0.0,0.0,0.0,0.0,0.0,0.0,0.0,0.0,0.0,0.0,0.0,0.0,0.0,0.0,0.0,0.0,0.0,0.0,0.0,0.0,0.0,0.0,0.0,0.0,0.0,0.0,0.0,0.0,0.0,0.0,0.0
0.027630858,0.03673649,0.00937918,0.024446033,0.008550303,0.031358346,0.007707771,0.029562693,0.0082576005,0.0330973,0.007879667,0.024626318,0.008861097,0.019308973,0.008974032,0.019991228,0.008577845,0.017494332,0.009566814,0.022342442,0.010200807,0.023991836,0.011037476,0.024960117,0.013319407,0.029134076,0.014585922,0.033219278,0.015870992,0.037103176,0.0174288,0.03707871,0.01894156,0.044175483,0.02726518,0.056659505,0.026454806,0.06399236,0.030329714,0.06702643,0.032875046,0.0,0.0,0.0,0.0,0.0,0.0,0.0,0.0,0.0,0.0,0.0,0.0,0.0,0.0,0.0,0.0,0.0,0.0,0.0,0.0,0.0,0.0,0.0,0.0,0.0,0.0,0.0,0.0,0.0,0.0,0.0,0.0,0.0,0.0,0.0,0.0,0.0,0.0,0.0,0.0,0.0,0.0,0.0,0.0
0.007829236,0.011663877,0.015604127,0.011679449,0.017051633,0.012112299,0.014447033,0.009994429,0.016251195,0.010681514,0.012600524,0.00950565,0.012862282,0.008957579,0.014650628,0.009187579,0.0142471045,0.009339922,0.014900453,0.011133131,0.0160802,0.011935031,0.018512541,0.012484178,0.022461783,0.014094736,0.027936338,0.016364817,0.033741552,0.018672992,0.03774172,0.02166746,0.040802136,0.023983972,0.05418144,0.023431432,0.07307404,0.025843319,0.08973333,0.030003265,0.10541797,0.0371361,0.0,0.0,0.0,0.0,0.0,0.0,0.0,0.0,0.0,0.0,0.0,0.0,0.0,0.0,0.0,0.0,0.0,0.0,0.0,0.0,0.0,0.0,0.0,0.0,0.0,0.0,0.0,0.0,0.0,0.0,0.0,0.0,0.0,0.0,0.0,0.0,0.0,0.0,0.0,0.0,0.0,0.0,0.0
0.015829403,0.018104928,0.015433458,0.017753825,0.015819784,0.019495046,0.014836244,0.018585745,0.015482311,0.019285938,0.014636419,0.017862348,0.016468083,0.019656155,0.017634885,0.02049506,0.017687105,0.020947417,0.018393002,0.024718512,0.018642213,0.025605615,0.019189099,0.025635038,0.02054902,0.027900336,0.021351647,0.029365174,0.02207692,0.031608324,0.021683719,0.031375457,0.022703027,0.03220779,0.027012065,0.035141703,0.027008083,0.038668543,0.028176304,0.03998941,0.029148526,0.043837354,0.021998946,0.0,0.0,0.0,0.0,0.0,0.0,0.0,0.0,0.0,0.0,0.0,0.0,0.0,0.0,0.0,0.0,0.0,0.0,0.0,0.0,0.0,0.0,0.0,0.0,0.0,0.0,0.0,0.0,0.0,0.0,0.0,0.0,0.0,0.0,0.0,0.0,0.0,0.0,0.0,0.0,0.0,0.0
0.0027931172,0.004142726,0.0033900181,0.0036604456,0.0035102824,0.0037348822,0.0034937514,0.0034905504,0.0035491418,0.0034842668,0.003662506,0.004028769,0.00488434,0.005365369,0.0056707566,0.006128461,0.006367415,0.007115959,0.008704065,0.009698241,0.009975939,0.01146701,0.012594312,0.013315197,0.015139688,0.016103629,0.018106122,0.018950678,0.021996021,0.021639928,0.0255404,0.023458038,0.02939966,0.027927972,0.036001943,0.031062527,0.047387544,0.03844028,0.056069322,0.043628126,0.06594888,0.05462245,0.12558465,0.13876463,0.0,0.0,0.0,0.0,0.0,0.0,0.0,0.0,0.0,0.0,0.0,0.0,0.0,0.0,0.0,0.0,0.0,0.0,0.0,0.0,0.0,0.0,0.0,0.0,0.0,0.0,0.0,0.0,0.0,0.0,0.0,0.0,0.0,0.0,0.0,0.0,0.0,0.0,0.0,0.0,0.0
0.0018998091,0.0024742014,0.0025809635,0.0024823805,0.0027522584,0.0025571273,0.0027027808,0.0024628574,0.0027387426,0.0024556664,0.0028427215,0.0028727432,0.003686355,0.003974963,0.0043742293,0.0045960885,0.005093535,0.005471474,0.0072898595,0.007693983,0.0085088005,0.009238546,0.010984167,0.010991437,0.013604699,0.013416004,0.01618709,0.01578667,0.01948281,0.01817816,0.021979302,0.020507885,0.024785405,0.024183832,0.0300314,0.028389417,0.039971054,0.03430246,0.04870359,0.03768549,0.058261994,0.0457625,0.10661387,0.15617886,0.11326182,0.0,0.0,0.0,0.0,0.0,0.0,0.0,0.0,0.0,0.0,0.0,0.0,0.0,0.0,0.0,0.0,0.0,0.0,0.0,0.0,0.0,0.0,0.0,0.0,0.0,0.0,0.0,0.0,0.0,0.0,0.0,0.0,0.0,0.0,0.0,0.0,0.0,0.0,0.0,0.0
0.0032741223,0.0038678178,0.003818115,0.0037056794,0.003939694,0.003825083,0.0038669494,0.0036566006,0.0039845207,0.0036744932,0.0039381646,0.0041010147,0.005138052,0.0053866305,0.0058853854,0.006103717,0.0064651947,0.007131965,0.008506208,0.009548451,0.0095473295,0.011060419,0.011638537,0.012563322,0.01359132,0.015216097,0.015856175,0.017649703,0.018827017,0.019813087,0.021863846,0.021244096,0.024818663,0.024813911,0.030012801,0.027100634,0.03698673,0.032835834,0.041609038,0.03728437,0.048042793,0.047302715,0.07246418,0.083419636,0.12024251,0.08437738,0.0,0.0,0.0,0.0,0.0,0.0,0.0,0.0,0.0,0.0,0.0,0.0,0.0,0.0,0.0,0.0,0.0,0.0,0.0,0.0,0.0,0.0,0.0,0.0,0.0,0.0,0.0,0.0,0.0,0.0,0.0,0.0,0.0,0.0,0.0,0.0,0.0,0.0,0.0
0.0023234738,0.0026653907,0.0028821419,0.0025528446,0.0029966366,0.0026349584,0.002871475,0.0025228392,0.0029364084,0.0025295694,0.002928943,0.0028214008,0.003666803,0.0038006096,0.0042424435,0.0044096312,0.0048685493,0.005135943,0.0066616065,0.007034036,0.007636112,0.008353816,0.009624571,0.00976023,0.011467484,0.011855845,0.013545863,0.013930644,0.016113445,0.016068758,0.01824582,0.017731521,0.020382935,0.020805417,0.02376505,0.024534633,0.032050684,0.030849453,0.039518792,0.033402923,0.048042987,0.04033223,0.06920609,0.10728893,0.074577995,0.12958309,0.07883899,0.0,0.0,0.0,0.0,0.0,0.0,0.0,0.0,0.0,0.0,0.0,0.0,0.0,0.0,0.0,0.0,0.0,0.0,0.0,0.0,0.0,0.0,0.0,0.0,0.0,0.0,0.0,0.0,0.0,0.0,0.0,0.0,0.0,0.0,0.0,0.0,0.0,0.0
0.003098587,0.0036066985,0.0034885828,0.003570795,0.003587723,0.0037110504,0.0035534336,0.0035617019,0.0036840672,0.0035980553,0.0035599782,0.0039295927,0.0045516808,0.005107046,0.0051877685,0.0057869437,0.005637093,0.0068148505,0.0073246304,0.009000225,0.00816405,0.010296822,0.009815247,0.011566466,0.0114074685,0.0140527785,0.0131533705,0.016257107,0.015476726,0.018112222,0.017816179,0.019010685,0.020240221,0.022064986,0.024620356,0.023937162,0.029912602,0.028887913,0.03310243,0.03292279,0.03794363,0.042369097,0.055918735,0.06472042,0.093919896,0.06404622,0.09799971,0.0699042,0.0,0.0,0.0,0.0,0.0,0.0,0.0,0.0,0.0,0.0,0.0,0.0,0.0,0.0,0.0,0.0,0.0,0.0,0.0,0.0,0.0,0.0,0.0,0.0,0.0,0.0,0.0,0.0,0.0,0.0,0.0,0.0,0.0,0.0,0.0,0.0,0.0
0.002008875,0.0023674117,0.0024161094,0.0021933126,0.0025102785,0.0022191012,0.0024287691,0.0021074982,0.0024795607,0.00211306,0.0025030784,0.0023745939,0.003119775,0.0031435378,0.0036266684,0.0036561806,0.0041492623,0.0042862357,0.0057161357,0.005835541,0.0065527274,0.006932753,0.008254839,0.00810032,0.0099270055,0.009800493,0.01179961,0.011557138,0.014052919,0.013347756,0.015962616,0.014577357,0.01778027,0.017192997,0.020792998,0.020049771,0.028250238,0.025372759,0.03515668,0.0275297,0.042796567,0.03302314,0.054163076,0.08389031,0.059512433,0.09987679,0.06299399,0.112462215,0.067035556,0.0,0.0,0.0,0.0,0.0,0.0,0.0,0.0,0.0,0.0,0.0,0.0,0.0,0.0,0.0,0.0,0.0,0.0,0.0,0.0,0.0,0.0,0.0,0.0,0.0,0.0,0.0,0.0,0.0,0.0,0.0,0.0,0.0,0.0,0.0,0.0
0.0029713893,0.003463663,0.0032407967,0.0033973737,0.0033418895,0.0035334623,0.0032754957,0.0033475296,0.0034045815,0.0033792416,0.0032336242,0.0036780387,0.0041055772,0.0047750045,0.0046792976,0.005376444,0.0050406326,0.006263091,0.006533389,0.008299694,0.007277594,0.009475256,0.008780811,0.010582753,0.010227406,0.012924474,0.011795657,0.014913478,0.013910712,0.016535072,0.016010525,0.017288968,0.018150808,0.02000986,0.022094775,0.021547254,0.026448805,0.02617232,0.028731674,0.029792588,0.03283196,0.038272873,0.044454075,0.052320167,0.07472212,0.052069113,0.07773554,0.056684647,0.08441317,0.05848533,0.0,0.0,0.0,0.0,0.0,0.0,0.0,0.0,0.0,0.0,0.0,0.0,0.0,0.0,0.0,0.0,0.0,0.0,0.0,0.0,0.0,0.0,0.0,0.0,0.0,0.0,0.0,0.0,0.0,0.0,0.0,0.0,0.0,0.0,0.0
0.0019436106,0.0028337785,0.0023466107,0.0025596104,0.0023961887,0.0025579748,0.0022793966,0.0022012894,0.0023358613,0.0022438678,0.0023686253,0.0025240625,0.0029591708,0.0032423933,0.0034173082,0.0037320391,0.0037825347,0.004227071,0.0051545645,0.005747257,0.0058793304,0.006754641,0.007317126,0.0076423166,0.008834099,0.009192244,0.0104308445,0.010805381,0.012368292,0.012462396,0.013925044,0.01340236,0.015515553,0.015728818,0.017961295,0.018185843,0.02519941,0.022653189,0.031247389,0.024564108,0.03763312,0.029313508,0.041707806,0.066850245,0.04786937,0.07848832,0.050836086,0.087638244,0.05361569,0.09867181,0.0564529,0.0,0.0,0.0,0.0,0.0,0.0,0.0,0.0,0.0,0.0,0.0,0.0,0.0,0.0,0.0,0.0,0.0,0.0,0.0,0.0,0.0,0.0,0.0,0.0,0.0,0.0,0.0,0.0,0.0,0.0,0.0,0.0,0.0,0.0
0.0026844998,0.0032242285,0.0029314845,0.0032115818,0.0030268144,0.0033456474,0.0029809114,0.0031807781,0.0031003896,0.0032136636,0.0029259906,0.0034745047,0.0037090722,0.0044880854,0.004215448,0.0050490643,0.0045165895,0.005874979,0.005831042,0.0077390363,0.0064766253,0.008800628,0.00780163,0.009788942,0.00907023,0.011986702,0.01043228,0.013822507,0.012266345,0.015273368,0.014092464,0.015831929,0.01596722,0.018299226,0.019462898,0.019626876,0.023284605,0.023900751,0.025194328,0.027226899,0.028757252,0.034978352,0.036747962,0.043626014,0.062440768,0.043344036,0.065073125,0.046959113,0.070551336,0.048626468,0.08019881,0.051366508,0.0,0.0,0.0,0.0,0.0,0.0,0.0,0.0,0.0,0.0,0.0,0.0,0.0,0.0,0.0,0.0,0.0,0.0,0.0,0.0,0.0,0.0,0.0,0.0,0.0,0.0,0.0,0.0,0.0,0.0,0.0,0.0,0.0
0.0016680141,0.0023503448,0.0020120472,0.0021543922,0.0020628544,0.0021616518,0.0019832598,0.0019019364,0.0020290364,0.0019324243,0.0020704793,0.002176002,0.0025779074,0.0028054232,0.002983118,0.0032333136,0.0033172243,0.00369849,0.0045425454,0.005036956,0.0051826457,0.0059289127,0.006476513,0.006734621,0.0078349365,0.008098844,0.009269522,0.00952203,0.011009668,0.010979308,0.012414697,0.011822952,0.013840192,0.013878721,0.01601524,0.016075365,0.022880511,0.019895688,0.028569538,0.021597475,0.034561355,0.025885051,0.035375163,0.05628509,0.04033243,0.06570314,0.042981297,0.07321627,0.045312017,0.08199815,0.047583874,0.08764019,0.05240119,0.0,0.0,0.0,0.0,0.0,0.0,0.0,0.0,0.0,0.0,0.0,0.0,0.0,0.0,0.0,0.0,0.0,0.0,0.0,0.0,0.0,0.0,0.0,0.0,0.0,0.0,0.0,0.0,0.0,0.0,0.0,0.0
0.0023355084,0.0030864023,0.0025678193,0.0031009545,0.0026547378,0.0032387027,0.0026231292,0.0030983118,0.0027238033,0.0031358185,0.0025500867,0.0033472546,0.0032709162,0.0043415534,0.0037100124,0.0048741587,0.00395755,0.0056439037,0.005112543,0.0073816925,0.005659503,0.008360073,0.006825315,0.009254137,0.007870655,0.011390825,0.008986711,0.013168579,0.010548048,0.014527343,0.012050293,0.015008112,0.0136678815,0.017352888,0.016684465,0.018452954,0.019975498,0.022311768,0.021701131,0.025356362,0.025086854,0.032442883,0.03187934,0.037117466,0.05417675,0.037112292,0.055596758,0.040255576,0.05982861,0.042027272,0.06722385,0.044383604,0.073698744,0.047262616,0.0,0.0,0.0,0.0,0.0,0.0,0.0,0.0,0.0,0.0,0.0,0.0,0.0,0.0,0.0,0.0,0.0,0.0,0.0,0.0,0.0,0.0,0.0,0.0,0.0,0.0,0.0,0.0,0.0,0.0,0.0
0.0020655084,0.0022354063,0.00230279,0.0020064253,0.002332814,0.0020246983,0.0022077179,0.0018358593,0.0022629974,0.0018589674,0.0022371765,0.0020146403,0.0026465848,0.0025679024,0.0030112164,0.0029842807,0.0033456723,0.003399478,0.0043696994,0.0045640375,0.0049423957,0.0053457757,0.005985727,0.0060177566,0.0070567736,0.0071657207,0.008219348,0.008413143,0.009712487,0.009706346,0.011057838,0.010374744,0.0122024,0.012105558,0.014177163,0.014438279,0.020368647,0.018275596,0.025465788,0.019483209,0.0309101,0.023239506,0.030328516,0.04868409,0.03432677,0.055671662,0.03689579,0.0618506,0.038955554,0.069122046,0.04054342,0.073845275,0.044455905,0.08098273,0.04739946,0.0,0.0,0.0,0.0,0.0,0.0,0.0,0.0,0.0,0.0,0.0,0.0,0.0,0.0,0.0,0.0,0.0,0.0,0.0,0.0,0.0,0.0,0.0,0.0,0.0,0.0,0.0,0.0,0.0,0.0
0.0020135045,0.0032612707,0.0021872842,0.0034222482,0.0022757307,0.0035577468,0.002289495,0.0033747838,0.0023910727,0.0034552275,0.0021869962,0.0035744312,0.002669464,0.0044278866,0.0030209583,0.0049810656,0.003247821,0.005789891,0.0043018144,0.0076127346,0.0048225382,0.008614957,0.0059169866,0.009538454,0.006970862,0.011675023,0.008101527,0.013509471,0.009609681,0.014935829,0.010911212,0.015094074,0.0123367235,0.01730913,0.015247604,0.018513422,0.017746674,0.02068778,0.019686637,0.023038259,0.02239111,0.029788509,0.026418468,0.032631524,0.045425095,0.03303848,0.04702052,0.035605796,0.04998717,0.037148092,0.05581349,0.039143432,0.061167307,0.041222382,0.06687528,0.042015076,0.0,0.0,0.0,0.0,0.0,0.0,0.0,0.0,0.0,0.0,0.0,0.0,0.0,0.0,0.0,0.0,0.0,0.0,0.0,0.0,0.0,0.0,0.0,0.0,0.0,0.0,0.0,0.0,0.0
0.0020913016,0.003088159,0.0023053922,0.002513647,0.0023111096,0.0024817884,0.0022279364,0.0022064445,0.002293194,0.0022518965,0.0022286396,0.0023075526,0.002577049,0.0028574294,0.0029375206,0.0033420157,0.0033304966,0.0037149894,0.0042261207,0.004882022,0.0047126072,0.00563508,0.005568675,0.006155354,0.00658935,0.007260206,0.0075005186,0.008419507,0.0087839905,0.009741072,0.010006183,0.01013101,0.011036189,0.0118203955,0.013623684,0.014238191,0.018017225,0.01771504,0.022824954,0.01881338,0.028464597,0.023457125,0.025972288,0.04010135,0.028669367,0.04724665,0.031751327,0.052320044,0.0329748,0.057993826,0.033211432,0.062052783,0.036385395,0.06791887,0.038894873,0.07703404,0.04078393,0.0,0.0,0.0,0.0,0.0,0.0,0.0,0.0,0.0,0.0,0.0,0.0,0.0,0.0,0.0,0.0,0.0,0.0,0.0,0.0,0.0,0.0,0.0,0.0,0.0,0.0,0.0,0.0
0.001730613,0.002985341,0.0018679237,0.0031831176,0.0019538468,0.0033094278,0.0019718104,0.0031528154,0.002063299,0.0032300674,0.0018735683,0.0033374194,0.0022843776,0.004064187,0.0025765756,0.004591289,0.0027751727,0.00535764,0.0036846506,0.0070368447,0.0041404637,0.00795802,0.0051104124,0.008786189,0.006056149,0.010774598,0.007065689,0.012518791,0.008414914,0.013802782,0.00961629,0.013803028,0.01088473,0.015837446,0.013490786,0.016853608,0.015552659,0.018864648,0.017264534,0.021073412,0.019657487,0.027318664,0.023110384,0.028941197,0.03948628,0.02914165,0.04154195,0.031351276,0.044096716,0.0328469,0.048692532,0.034598533,0.05331339,0.036779165,0.05732406,0.037985817,0.07099696,0.041917913,0.0,0.0,0.0,0.0,0.0,0.0,0.0,0.0,0.0,0.0,0.0,0.0,0.0,0.0,0.0,0.0,0.0,0.0,0.0,0.0,0.0,0.0,0.0,0.0,0.0,0.0,0.0
0.0019298295,0.0028249691,0.002073316,0.0023478675,0.0020876625,0.0023192263,0.0020381263,0.002079214,0.0020923582,0.0021234544,0.0020587516,0.0021904162,0.0023905458,0.002764165,0.0027247923,0.0032057746,0.0030638212,0.0035566764,0.0039063436,0.0046364428,0.00435159,0.0053088553,0.0051448755,0.00575878,0.0060809846,0.006790692,0.0069132606,0.007798471,0.008090159,0.008992212,0.00921154,0.0093072085,0.01012429,0.010796456,0.01252652,0.013048494,0.016732188,0.016015984,0.02143712,0.017052583,0.026957018,0.021471903,0.022470731,0.035118245,0.025019031,0.04133466,0.027834935,0.04562957,0.028952546,0.050216522,0.029304583,0.053600773,0.0320802,0.058401003,0.034366723,0.06615529,0.035955697,0.07269863,0.038535908,0.0,0.0,0.0,0.0,0.0,0.0,0.0,0.0,0.0,0.0,0.0,0.0,0.0,0.0,0.0,0.0,0.0,0.0,0.0,0.0,0.0,0.0,0.0,0.0,0.0,0.0
0.0015709953,0.0026646669,0.0017406287,0.0029214355,0.0018740485,0.0030362995,0.0019811746,0.0029148357,0.0021128748,0.0029934426,0.0017922837,0.0030237648,0.0021561293,0.003662602,0.002398953,0.0041325833,0.0025285147,0.0048607574,0.0032941122,0.006340022,0.003697479,0.0071500903,0.0045714397,0.007906275,0.0054071713,0.009836899,0.0063623,0.011481877,0.0076261014,0.012596964,0.0089509105,0.012448447,0.010185124,0.014313592,0.012852299,0.015102532,0.014773291,0.016962841,0.016400509,0.01903913,0.019040467,0.025062354,0.020001281,0.02536677,0.03429509,0.025209539,0.03689638,0.027132332,0.03931088,0.02860147,0.043375388,0.030124912,0.047463674,0.032392103,0.050857052,0.034083176,0.063001424,0.037443265,0.065101944,0.039575107,0.0,0.0,0.0,0.0,0.0,0.0,0.0,0.0,0.0,0.0,0.0,0.0,0.0,0.0,0.0,0.0,0.0,0.0,0.0,0.0,0.0,0.0,0.0,0.0,0.0
0.0021560953,0.0034768917,0.0021163907,0.0028134002,0.002140194,0.0027787487,0.0020889507,0.002357368,0.0021582854,0.002440047,0.0020529192,0.0023992495,0.0022767056,0.0030102634,0.002589237,0.0034876089,0.0029184492,0.0037098113,0.0036179535,0.0047236523,0.004008627,0.005331331,0.004654197,0.0056867427,0.005503425,0.006716311,0.0062365956,0.0076563284,0.007279526,0.0088170245,0.008306606,0.009040977,0.009103051,0.010372956,0.011487073,0.012661788,0.015505663,0.015366389,0.020017575,0.016235614,0.025487274,0.02099174,0.019709455,0.030761354,0.021743901,0.035729103,0.023988457,0.039368764,0.02503138,0.04273832,0.025825705,0.04557877,0.028224815,0.049891487,0.030397687,0.05607624,0.031999603,0.061831057,0.034069736,0.06949182,0.0357633,0.0,0.0,0.0,0.0,0.0,0.0,0.0,0.0,0.0,0.0,0.0,0.0,0.0,0.0,0.0,0.0,0.0,0.0,0.0,0.0,0.0,0.0,0.0,0.0
0.0014540313,0.002559783,0.0017067684,0.002779388,0.0018909059,0.0028870397,0.002079209,0.0027120593,0.0022541054,0.0027878727,0.0018170606,0.0028261675,0.0021138827,0.0033965209,0.0023338702,0.003842583,0.0024488762,0.004516777,0.003125287,0.0059609087,0.0035039412,0.0067375563,0.0043163355,0.0074875504,0.0050783055,0.009340905,0.0059822635,0.010866066,0.007174372,0.011896955,0.0084085325,0.011722663,0.009522947,0.01343913,0.012042108,0.014419245,0.013786089,0.016438317,0.0151944775,0.01853294,0.017699517,0.024604663,0.017780814,0.021923762,0.030355785,0.021881437,0.03283217,0.023512837,0.035036217,0.02489655,0.038365945,0.026212972,0.04187572,0.028141122,0.045176134,0.029370507,0.05632091,0.032221433,0.05770116,0.034191646,0.062348757,0.03616613,0.0,0.0,0.0,0.0,0.0,0.0,0.0,0.0,0.0,0.0,0.0,0.0,0.0,0.0,0.0,0.0,0.0,0.0,0.0,0.0,0.0,0.0,0.0
0.0022882828,0.0036017,0.0023153527,0.0027272173,0.0023307283,0.0026626296,0.002245741,0.0023382187,0.0023380555,0.0024120463,0.0021452042,0.0022814786,0.0023168754,0.0028463192,0.002620772,0.0033206935,0.0029610686,0.0035369885,0.0035441422,0.0043949755,0.0038976695,0.0049516857,0.004488507,0.005301469,0.0053407378,0.0062648905,0.0060408246,0.007180064,0.0070355767,0.008274134,0.008012027,0.0084748585,0.00880401,0.009813607,0.0112387575,0.011794649,0.015314004,0.014288969,0.019751113,0.015014557,0.02484111,0.01933121,0.01705935,0.026392788,0.019831246,0.029709594,0.021340646,0.03307835,0.022140205,0.03630166,0.023025827,0.03882498,0.025183972,0.042691506,0.026975252,0.048641607,0.028704066,0.053515073,0.030602816,0.06008326,0.03232867,0.066974744,0.035911463,0.0,0.0,0.0,0.0,0.0,0.0,0.0,0.0,0.0,0.0,0.0,0.0,0.0,0.0,0.0,0.0,0.0,0.0,0.0,0.0,0.0,0.0
0.0013820429,0.0024539477,0.0016248068,0.0026851234,0.0018302499,0.0027939114,0.0020772018,0.002626699,0.0022813792,0.0027016832,0.0017500953,0.002725732,0.002009518,0.00325358,0.002194828,0.0036792494,0.002279209,0.004324301,0.0028772098,0.0056760623,0.0032119758,0.006394702,0.003952684,0.0070842644,0.0046230704,0.008851569,0.0054154135,0.010286518,0.0064799264,0.011216438,0.007593016,0.010990302,0.008599323,0.012571265,0.010846646,0.013499805,0.01239894,0.015399832,0.013590157,0.017366096,0.015885869,0.023188084,0.016106438,0.019738358,0.027242035,0.019664984,0.029346827,0.021104127,0.031311188,0.022295505,0.034172833,0.023446923,0.03723791,0.025128566,0.040066637,0.026273314,0.04964237,0.028779,0.050818674,0.030567568,0.054893713,0.032198276,0.06258768,0.03470435,0.0,0.0,0.0,0.0,0.0,0.0,0.0,0.0,0.0,0.0,0.0,0.0,0.0,0.0,0.0,0.0,0.0,0.0,0.0,0.0,0.0
0.0022605774,0.003311249,0.0022676939,0.0025024372,0.0022963805,0.0024593975,0.0022264956,0.0022013083,0.0023230654,0.002268954,0.0021029885,0.0020914213,0.0022267776,0.002624511,0.0025122142,0.0030748646,0.0028598644,0.0032790988,0.0033847706,0.0040502003,0.0037129628,0.004559872,0.004262944,0.004897574,0.0050780717,0.0057809437,0.005741816,0.0066351835,0.0066752937,0.007642433,0.0075726663,0.007839987,0.008327503,0.009089342,0.010666955,0.01091701,0.014600907,0.0131937135,0.018966852,0.01382091,0.023968711,0.017903931,0.015098377,0.023323841,0.017694157,0.026126642,0.019047122,0.029051047,0.01976227,0.03185582,0.020574538,0.0340617,0.022502167,0.037506837,0.02410112,0.04262723,0.025690798,0.046875834,0.02739982,0.052607562,0.02899727,0.05862681,0.03209867,0.064928934,0.035261586,0.0,0.0,0.0,0.0,0.0,0.0,0.0,0.0,0.0,0.0,0.0,0.0,0.0,0.0,0.0,0.0,0.0,0.0,0.0,0.0
0.0013101425,0.0023447156,0.0015583074,0.0025734724,0.0017385115,0.0026895113,0.0019286068,0.0025248444,0.0020930613,0.0025987208,0.00167654,0.0026262365,0.0019537255,0.0031437965,0.00214654,0.003538276,0.0022299401,0.004094643,0.0027851989,0.0053939763,0.0031065932,0.0060866466,0.003775254,0.0067224763,0.00439522,0.00847594,0.005146526,0.009840653,0.0061334046,0.010717407,0.007145719,0.010480088,0.0080872085,0.012036651,0.010182662,0.012915397,0.011567516,0.014854459,0.012651453,0.016850837,0.014685176,0.022533469,0.014079168,0.0175014,0.024391148,0.017419694,0.026344044,0.018593833,0.028060876,0.019649878,0.030556038,0.02065018,0.03329124,0.022209268,0.03578252,0.02311717,0.04437664,0.025364675,0.045447692,0.026939023,0.04907068,0.028466124,0.055890523,0.030742683,0.059585527,0.033130452,0.0,0.0,0.0,0.0,0.0,0.0,0.0,0.0,0.0,0.0,0.0,0.0,0.0,0.0,0.0,0.0,0.0,0.0,0.0
0.002198704,0.0030681137,0.002302098,0.0024160969,0.002298706,0.0023794912,0.0021965846,0.002101115,0.0022887106,0.002169812,0.0021137695,0.0020549633,0.002296511,0.0026401135,0.0025845757,0.0030532298,0.0028906006,0.0032524096,0.003392307,0.004006512,0.0036943674,0.0044595897,0.004178548,0.0047087856,0.0048840577,0.005548754,0.0055084564,0.006295486,0.006374523,0.0072296187,0.007161934,0.007382023,0.00787995,0.008522083,0.009792936,0.0103480425,0.013837725,0.012378615,0.017964385,0.012945313,0.022777457,0.017278938,0.013471544,0.02078682,0.015644582,0.023439417,0.016758732,0.026048414,0.017458288,0.028322853,0.018242098,0.030269604,0.019918438,0.03328085,0.02119019,0.037932426,0.022626426,0.041502804,0.02408896,0.046368748,0.025499564,0.051576346,0.028122671,0.05701053,0.030847307,0.064441815,0.032294556,0.0,0.0,0.0,0.0,0.0,0.0,0.0,0.0,0.0,0.0,0.0,0.0,0.0,0.0,0.0,0.0,0.0,0.0
0.0013849,0.0022631006,0.0016405483,0.002449771,0.0018203221,0.0025523715,0.0020151539,0.0023909665,0.00218182,0.002449121,0.0017653333,0.002492536,0.0020040437,0.003012035,0.0022075674,0.0033861634,0.0022703619,0.0039322227,0.0027905656,0.005179003,0.0030875476,0.0058243563,0.0037169496,0.006428321,0.0042449147,0.008081094,0.0049553947,0.009309583,0.0058591086,0.010104252,0.0069309482,0.009982484,0.007835438,0.011467036,0.0099975,0.012299305,0.011098994,0.0140745705,0.012004944,0.015934367,0.0141147375,0.021412347,0.012733389,0.016054822,0.022035347,0.015833514,0.023427214,0.016988527,0.024942107,0.017862352,0.027291344,0.018743627,0.029682983,0.01996708,0.031880423,0.020803863,0.040022623,0.022718925,0.040952463,0.024088971,0.0437876,0.025429064,0.049344294,0.027330447,0.052274443,0.029403366,0.05648051,0.030968627,0.0,0.0,0.0,0.0,0.0,0.0,0.0,0.0,0.0,0.0,0.0,0.0,0.0,0.0,0.0,0.0,0.0
0.0023433343,0.002940257,0.0026821014,0.0023920783,0.0026147089,0.0023814489,0.0024275414,0.0020306718,0.0025454322,0.0021136254,0.0023484502,0.0020212005,0.0026086366,0.0026431107,0.002910026,0.0030147182,0.0031982868,0.0031454833,0.0036648603,0.003915682,0.0039630374,0.004312533,0.004395212,0.004491908,0.0052349535,0.005265068,0.0059033753,0.0058892686,0.0067811776,0.0067458497,0.0074299416,0.0068481434,0.00820758,0.00782417,0.010519702,0.009660838,0.014275382,0.011404145,0.018533029,0.011945645,0.023115488,0.0164597,0.011688545,0.01865184,0.012672114,0.021318885,0.014045283,0.023601597,0.014792359,0.025377758,0.015471285,0.027070854,0.01685413,0.029734235,0.01771882,0.033741396,0.018780837,0.03683314,0.020076692,0.041051224,0.02121089,0.04545416,0.023743324,0.050143942,0.026054267,0.05679254,0.02720008,0.066618145,0.030153843,0.0,0.0,0.0,0.0,0.0,0.0,0.0,0.0,0.0,0.0,0.0,0.0,0.0,0.0,0.0,0.0
0.0013823288,0.0020646981,0.00154511,0.0022558584,0.0017453732,0.0023463294,0.0019987987,0.0021625469,0.0022055912,0.002212683,0.0016557052,0.0022589783,0.0018455319,0.0027370958,0.0020041927,0.0030653575,0.0020426149,0.0035435897,0.0025027331,0.0046809674,0.0027635624,0.005287168,0.003359357,0.0058896635,0.0038668644,0.0075281374,0.004501867,0.008694152,0.005347481,0.009406532,0.0062878113,0.0092991,0.0071111117,0.010683854,0.0091191195,0.011533436,0.010029197,0.013448939,0.0108189825,0.0152793545,0.01276304,0.020796008,0.011747194,0.014436567,0.020449022,0.014035372,0.021620283,0.015002797,0.023017919,0.015684878,0.025217807,0.016438458,0.027431965,0.017453799,0.029368555,0.01819346,0.037333485,0.0199189,0.037728146,0.021151796,0.04030769,0.02235775,0.045478895,0.02403308,0.048066474,0.025912926,0.05202662,0.02729866,0.0586848,0.029531881,0.0,0.0,0.0,0.0,0.0,0.0,0.0,0.0,0.0,0.0,0.0,0.0,0.0,0.0,0.0
0.0025053122,0.0026605336,0.0028601384,0.0022546668,0.0027418637,0.002296268,0.0025102214,0.0019984306,0.0026369256,0.0020788538,0.0023702583,0.0019073857,0.002559621,0.0024979168,0.002841361,0.0028701995,0.0031297104,0.003002283,0.0035193018,0.0037097973,0.0037697882,0.004081714,0.0041220933,0.0042394334,0.0048328904,0.004951048,0.0054050516,0.0055226865,0.006182538,0.0063145463,0.0068365,0.0064549325,0.0075389603,0.0073406193,0.009629844,0.009135232,0.013370575,0.010776764,0.017619357,0.011201262,0.02199938,0.015629986,0.010458213,0.016837187,0.011432922,0.019769512,0.01275217,0.021617569,0.013390422,0.022929966,0.013882738,0.024364404,0.015122297,0.026348883,0.015926523,0.029782407,0.016820509,0.0325253,0.017989138,0.036295332,0.018963516,0.039969344,0.021245625,0.04397301,0.02330726,0.04967872,0.024364881,0.05787791,0.026983052,0.06651514,0.02896981,0.0,0.0,0.0,0.0,0.0,0.0,0.0,0.0,0.0,0.0,0.0,0.0,0.0,0.0
0.0012405885,0.001814757,0.0014048644,0.0019863783,0.0016274157,0.0020663885,0.0019460297,0.001881206,0.0021835973,0.0019230081,0.0015366718,0.001981746,0.0016843822,0.0024098284,0.0018035469,0.0027022082,0.0018233317,0.0031207704,0.0022205105,0.004158701,0.0024531833,0.0047121,0.003000739,0.0052792146,0.0034697955,0.006827635,0.0040432783,0.007878207,0.0048131887,0.008496862,0.005649171,0.008424813,0.006398647,0.009710067,0.008201896,0.01052063,0.008998457,0.012471754,0.009722199,0.01425365,0.01144331,0.019708369,0.010737936,0.013299463,0.018747482,0.012923101,0.019812534,0.013781788,0.021057192,0.014403088,0.02304973,0.01509117,0.02506772,0.016046233,0.02681365,0.016700909,0.034031328,0.018284881,0.03424574,0.019420806,0.03665003,0.020535124,0.041548334,0.022067087,0.04389213,0.02382941,0.04729163,0.025103144,0.05239743,0.027144829,0.0578601,0.030172896,0.0,0.0,0.0,0.0,0.0,0.0,0.0,0.0,0.0,0.0,0.0,0.0,0.0
0.0024918662,0.002415081,0.0028620667,0.00209009,0.0027288496,0.0021491183,0.0024907407,0.001877141,0.0026147696,0.0019512277,0.0023442025,0.0017701472,0.0025105786,0.002303608,0.0027786223,0.0026537236,0.0030637966,0.002776046,0.0034240072,0.0034148279,0.0036571643,0.0037577513,0.003978542,0.003913551,0.004629392,0.0045522526,0.0051569524,0.0050793895,0.0058835493,0.0058018947,0.0065049212,0.005944631,0.007175888,0.00673299,0.009160676,0.008419758,0.012786994,0.009906057,0.016930433,0.010274826,0.02120031,0.01436065,0.009411805,0.015108785,0.010350502,0.017715532,0.011615763,0.019342264,0.012172978,0.020514682,0.012530202,0.021787189,0.013644362,0.023564002,0.014392885,0.026517319,0.015166409,0.028979098,0.016227389,0.032350224,0.017111689,0.035584185,0.01914088,0.039120816,0.02099025,0.044089347,0.021929115,0.051201914,0.024285609,0.05865833,0.026022052,0.065807715,0.02814763,0.0,0.0,0.0,0.0,0.0,0.0,0.0,0.0,0.0,0.0,0.0,0.0
0.0013405747,0.0019041044,0.0015781753,0.0021958163,0.0019266267,0.0023023698,0.0024828503,0.002156675,0.0028793702,0.002222298,0.0017734425,0.0022605327,0.0018569797,0.0026673907,0.0019317681,0.0029892996,0.0018916732,0.0034019658,0.0022346233,0.0044257306,0.0024599899,0.004987128,0.0030138341,0.0055247787,0.0035741786,0.0070430497,0.0041914517,0.008172765,0.0050207684,0.0088384785,0.005648016,0.00858851,0.006355501,0.009852139,0.008238703,0.010659395,0.008735891,0.0123744095,0.009463619,0.014085241,0.010671883,0.019115608,0.009649588,0.012006991,0.017135084,0.011747216,0.018038033,0.012558879,0.019098103,0.013108224,0.020779785,0.013732733,0.022527749,0.014495681,0.0242366,0.014833951,0.030600717,0.016273445,0.030593447,0.017528959,0.032684173,0.01841747,0.036955357,0.019736702,0.03888293,0.021320323,0.041547954,0.022345794,0.04492328,0.024183022,0.048882365,0.026804201,0.052642874,0.02869076,0.0,0.0,0.0,0.0,0.0,0.0,0.0,0.0,0.0,0.0,0.0
0.002963424,0.0028208117,0.0032742312,0.002282623,0.0030891777,0.0023374902,0.0027791162,0.0020252338,0.0029386294,0.0021146964,0.0025421134,0.0018095645,0.0026359982,0.0022586088,0.0028790857,0.0026204642,0.0031279668,0.0026834034,0.0033285313,0.0033108655,0.003516844,0.003657177,0.00370758,0.0038061896,0.0042677387,0.0043915072,0.0047438573,0.0049514016,0.005381934,0.0056722653,0.00594485,0.0056940084,0.0065133814,0.006454422,0.008161195,0.008104635,0.012173982,0.009646119,0.016166855,0.009983532,0.020342546,0.014285738,0.008393154,0.013339751,0.009264587,0.015048701,0.010327555,0.016604282,0.010765844,0.017815813,0.011094657,0.01898658,0.012091039,0.020881154,0.012846877,0.02354683,0.01368861,0.02572864,0.014617283,0.028529335,0.0154322805,0.031374693,0.017238181,0.034515757,0.018905377,0.039000724,0.019753346,0.045556493,0.02182991,0.052275706,0.023380985,0.058598332,0.025238955,0.06440194,0.027536828,0.0,0.0,0.0,0.0,0.0,0.0,0.0,0.0,0.0,0.0
0.0012219503,0.0017729558,0.0014972213,0.0020696144,0.0018831415,0.002152924,0.0025438163,0.0019875825,0.002991208,0.0020420277,0.0017501016,0.002152776,0.0018032537,0.0025141607,0.0018493889,0.002807933,0.0018050933,0.0031022425,0.002121218,0.0040392885,0.0023367691,0.004564723,0.0028594295,0.0050894693,0.003376241,0.006468462,0.0039470815,0.0074644703,0.0046853404,0.008058075,0.0052259653,0.0079232175,0.0058556413,0.0091001205,0.0074262135,0.009966033,0.007978308,0.012231802,0.008744089,0.014010893,0.009613738,0.019080501,0.008647167,0.011095175,0.015635177,0.010809725,0.016496615,0.011561775,0.01746603,0.012050133,0.018990988,0.01261561,0.020564627,0.013391761,0.022095118,0.013710015,0.02765939,0.015000359,0.02757994,0.016110923,0.029459704,0.016924636,0.03328163,0.018142294,0.034977525,0.019618465,0.037194297,0.020616505,0.04007598,0.02228474,0.043567676,0.02466923,0.04687518,0.026457576,0.055525392,0.028734162,0.0,0.0,0.0,0.0,0.0,0.0,0.0,0.0,0.0
0.0029975367,0.0031258122,0.0031714253,0.0024708332,0.002996568,0.002540323,0.0026966007,0.002152979,0.0028521921,0.002263845,0.0023747839,0.0018377745,0.0023146502,0.002237813,0.0025235785,0.0026117573,0.0027553816,0.0026112942,0.0029178313,0.0031896725,0.0030782602,0.0035202152,0.0032510548,0.0036409053,0.0037557497,0.0041809133,0.004147293,0.0047275047,0.004719037,0.0054165637,0.005240149,0.0054625734,0.005734753,0.006147224,0.007287014,0.007675795,0.011268817,0.009030469,0.015214064,0.009337197,0.01936007,0.013330401,0.007534682,0.012202941,0.008345377,0.013967995,0.009428392,0.015288737,0.009876135,0.016293623,0.0100796195,0.017318115,0.010954944,0.019007158,0.011582676,0.021434398,0.012457151,0.023322072,0.013257338,0.025772396,0.01400429,0.028246546,0.015589772,0.03103928,0.017046753,0.03494084,0.01776649,0.040915027,0.019492196,0.04688592,0.020919653,0.05257731,0.022614654,0.05761461,0.024572153,0.06276588,0.026716216,0.0,0.0,0.0,0.0,0.0,0.0,0.0,0.0
0.0011476061,0.0016211681,0.0014307465,0.0019039195,0.0017534407,0.0019797154,0.0022263518,0.0018941272,0.0025525498,0.001938468,0.0016599016,0.0019883856,0.0017978697,0.0022865622,0.0018764765,0.0025914027,0.0018508929,0.002964273,0.002162613,0.003775991,0.002339885,0.00427459,0.0028069443,0.004733063,0.0031585025,0.006110726,0.0035921184,0.007221033,0.0041899052,0.007752436,0.004639468,0.007403236,0.005139418,0.008687223,0.006056899,0.00901037,0.006558338,0.010250358,0.007268428,0.011692609,0.007954695,0.016394913,0.007953768,0.0105627375,0.0144367125,0.010096882,0.014892757,0.0109166,0.015780648,0.01129507,0.017193075,0.011831319,0.018635383,0.0125106145,0.02019288,0.012856474,0.025372399,0.014067655,0.025107125,0.015044708,0.026665006,0.015973635,0.029846914,0.017139308,0.031513825,0.018575117,0.033558056,0.019483978,0.036174275,0.020933788,0.0394667,0.023163304,0.04261773,0.024816152,0.050308764,0.026914837,0.056052927,0.029411256,0.0,0.0,0.0,0.0,0.0,0.0,0.0
0.002679174,0.002637525,0.0029249056,0.0022460478,0.0025643597,0.0023202503,0.0020869456,0.0019368378,0.0021987911,0.0020198396,0.0018236814,0.0017756602,0.0018509,0.0020654777,0.0020065715,0.0023979915,0.0021901268,0.002415314,0.0023233541,0.0029144632,0.0024720482,0.0032231088,0.002666504,0.0034353766,0.0032944847,0.003966092,0.0036087027,0.004480956,0.0041470155,0.00514597,0.0047354274,0.005342067,0.005151422,0.0059875147,0.007912387,0.007211124,0.010593141,0.008376412,0.015004782,0.00867737,0.019128265,0.011926097,0.0071258843,0.011174336,0.008021371,0.01254065,0.0089500565,0.01366997,0.009367475,0.01456226,0.009515298,0.0154816145,0.010306916,0.01707471,0.010753317,0.019104335,0.011872079,0.020794354,0.01250263,0.023099925,0.013223549,0.02543762,0.014760605,0.027963877,0.016058885,0.03137961,0.016653715,0.036742866,0.017988224,0.042135082,0.019265436,0.047242105,0.02084656,0.051677536,0.02276557,0.056007605,0.024459895,0.060492486,0.027117118,0.0,0.0,0.0,0.0,0.0,0.0
0.001580289,0.0016779305,0.0020867588,0.0021119548,0.002627282,0.002165497,0.003564468,0.002175756,0.0042405543,0.0022422557,0.0024276283,0.0021587678,0.0025250607,0.0022765386,0.0025801775,0.0025799375,0.0025070477,0.0030164588,0.0027930937,0.003627938,0.0029783105,0.004085861,0.003510019,0.0044884225,0.003948898,0.005639646,0.004528833,0.00678454,0.005300172,0.0072955415,0.005743374,0.006764761,0.006278365,0.007927261,0.0078204395,0.008080435,0.00783582,0.008972158,0.008581938,0.010136999,0.008908397,0.01390359,0.0068159783,0.009222523,0.013549911,0.008642871,0.013723893,0.009302024,0.014507086,0.009588964,0.015559085,0.010041157,0.016844375,0.010638795,0.018086387,0.010955032,0.02313766,0.01198512,0.022678774,0.012861705,0.02411013,0.013781894,0.026710639,0.01482419,0.028048314,0.015994769,0.030047636,0.016863309,0.03187711,0.018116852,0.034512818,0.020078946,0.037304927,0.021409994,0.043743763,0.023406032,0.048386384,0.02619233,0.058028534,0.02794091,0.0,0.0,0.0,0.0,0.0
0.0027066753,0.0024377604,0.0028480578,0.0023340306,0.002448671,0.002528246,0.0019529882,0.0022067158,0.0020557232,0.0023122826,0.0016711268,0.0019906422,0.0016559045,0.002415035,0.001791777,0.002795238,0.0019468626,0.0028368365,0.0020251826,0.0034282452,0.0021240814,0.0037298829,0.0022535678,0.0038713918,0.0026577252,0.0044860905,0.0028876504,0.0049222605,0.003363715,0.0056066327,0.0039278436,0.0058457055,0.0042884196,0.006422066,0.0060743005,0.0079529695,0.009928352,0.0089826435,0.0143572,0.009216334,0.017777089,0.013426508,0.006363728,0.009546407,0.007472761,0.010027343,0.008282276,0.0110658035,0.008683505,0.011972655,0.009111707,0.012766806,0.009898711,0.014427442,0.010505192,0.016269488,0.012291961,0.017825317,0.012622793,0.019592106,0.013408903,0.021845568,0.014853107,0.024156224,0.016025173,0.026840258,0.016609572,0.031056717,0.017826993,0.03513072,0.01894953,0.039408423,0.020495584,0.04348945,0.022026101,0.04730577,0.023553383,0.05286751,0.02564124,0.062305197,0.02698814,0.0,0.0,0.0,0.0
0.00149125,0.0013666395,0.0022120727,0.001789036,0.0027148472,0.0018619448,0.003229181,0.0018802377,0.0036916616,0.001933315,0.0024382002,0.0018837166,0.0026783312,0.0019956827,0.0027850089,0.0022929164,0.0027244035,0.0027036918,0.0029681285,0.003288465,0.00306896,0.003717476,0.0035825223,0.004084085,0.0038363093,0.00534805,0.004219811,0.0065004285,0.004853931,0.0069292523,0.005183479,0.0063602035,0.0056035854,0.007603404,0.006780104,0.007618743,0.0067430288,0.008602936,0.0073723905,0.0099231545,0.0075641265,0.014259182,0.0060448083,0.008396573,0.012141543,0.008078081,0.012370492,0.008575565,0.01305699,0.008812777,0.013991514,0.009218438,0.015160371,0.009760514,0.016358158,0.009849098,0.020812348,0.01081758,0.020573486,0.011740566,0.021675956,0.012513893,0.024201775,0.013446642,0.025418662,0.014499074,0.027055964,0.015306266,0.028686358,0.016462853,0.031013187,0.018224582,0.03358119,0.019230012,0.038686592,0.02102575,0.042751018,0.023658158,0.0519578,0.025320243,0.063528985,0.028312229,0.0,0.0,0.0
0.0027648588,0.0028395501,0.002975341,0.0025109765,0.0025202718,0.0026214882,0.0019784472,0.0020978716,0.0020945154,0.0022140658,0.0016431146,0.001867813,0.001582083,0.0022847606,0.0017037562,0.0026602016,0.0018387428,0.0026281748,0.001846468,0.0031065797,0.0019213388,0.0033747805,0.0020030476,0.0034466786,0.0023979563,0.004015967,0.0025844548,0.0044665583,0.0030121296,0.0051045744,0.003549861,0.005290127,0.0038634527,0.0058213077,0.0057042493,0.0072487,0.009293175,0.008085953,0.0138132945,0.00826431,0.017341057,0.012111088,0.0058021387,0.008646456,0.007039635,0.008995456,0.007686083,0.009898864,0.008024928,0.010721269,0.008499097,0.011410935,0.009227487,0.012852587,0.009814258,0.014526363,0.011691497,0.015903737,0.011885388,0.017461052,0.012608459,0.019475985,0.013940539,0.02150481,0.0150037,0.023905013,0.015475873,0.02768432,0.016586397,0.0313219,0.01758154,0.035107575,0.018997647,0.038655393,0.020336308,0.042015888,0.021732874,0.046753272,0.023686629,0.0541555,0.02475483,0.06273353,0.027401652,0.0,0.0
0.001326769,0.0013319809,0.0019496437,0.0016612154,0.0022417894,0.0017215898,0.0023712176,0.0016604894,0.0025911164,0.0017050065,0.002018753,0.0016959703,0.0023475247,0.0018486178,0.002536896,0.0021251952,0.0025531973,0.002485195,0.002908115,0.0031695075,0.0030383929,0.003596051,0.0036041446,0.003959681,0.0039669205,0.005311893,0.0045036515,0.0063560763,0.0052152188,0.006777841,0.0054611624,0.006326434,0.005882295,0.007635081,0.007447164,0.0077849454,0.007216101,0.009260129,0.00798891,0.01099661,0.0076855063,0.01581132,0.0055466555,0.0076011717,0.011099635,0.007347119,0.011346419,0.0078075756,0.011986682,0.008080772,0.012745555,0.008445021,0.013789808,0.008965189,0.014775311,0.009126883,0.017541174,0.009954567,0.018106425,0.010823742,0.01919249,0.011454753,0.021328466,0.01230201,0.022516474,0.013361292,0.024046352,0.014238537,0.025689762,0.015382897,0.027693462,0.017038528,0.029937811,0.017933493,0.034150407,0.019541636,0.037511688,0.022251176,0.044658184,0.024256535,0.052767336,0.026877724,0.05494837,0.02775559,0.0
0.0022675141,0.0032516462,0.0025684745,0.0029445293,0.0020855607,0.002990203,0.0015597842,0.0024583323,0.0016339674,0.0025279971,0.0013814226,0.0023441208,0.0015156303,0.0029339644,0.001658845,0.0032555722,0.0016977133,0.003289801,0.0018080856,0.00398892,0.0018786876,0.004315933,0.0020027596,0.0044485736,0.0023685282,0.005241595,0.002548322,0.0056794733,0.0029723272,0.006394675,0.0034551052,0.0068958257,0.0037807263,0.007558197,0.0053105406,0.009099917,0.009310808,0.010291172,0.013891387,0.010395519,0.017165136,0.014141636,0.005039725,0.007604456,0.0063356203,0.00796314,0.006893462,0.008740302,0.0070980377,0.009454889,0.007238618,0.010054401,0.007861387,0.011323161,0.008373509,0.012740424,0.010271786,0.013878696,0.010198737,0.015263088,0.010843303,0.016843995,0.012073782,0.01848622,0.012949425,0.02077114,0.013288791,0.024241395,0.014046514,0.02751516,0.014854251,0.030750925,0.016014842,0.03387636,0.016980533,0.036946647,0.018024672,0.041131005,0.019671926,0.047422472,0.020588806,0.05447038,0.02278668,0.06699924,0.024779167
